1000
2
1
3
2
4
3
5
4
6
5
7
6
8
7
9
8
10
9
11
10
12
11
13
12
14
13
15
14
16
15
17
16
18
17
19
18
20
19
21
20
22
21
23
21
24
22
25
23
26
24
27
24
28
25
29
25
30
26
31
26
32
27
33
28
34
29
35
30
36
31
37
31
38
31
39
32
40
32
41
33
42
34
43
35
44
35
45
36
46
37
47
37
48
38
49
39
50
40
51
41
52
42
53
42
54
43
55
44
56
45
57
45
58
46
59
47
60
48
61
49
62
50
63
50
64
50
65
50
66
51
67
52
68
53
69
54
70
54
71
54
72
55
73
56
74
56
75
56
76
57
77
57
78
57
79
58
80
58
81
58
82
59
83
59
84
59
85
59
86
60
87
61
88
62
89
63
90
63
91
64
92
64
93
64
94
65
95
66
96
67
97
68
98
69
99
69
100
70
101
70
102
70
103
70
104
70
105
70
106
70
107
70
108
70
109
70
110
70
111
70
112
71
113
71
114
71
115
71
116
71
117
71
118
71
119
72
120
72
121
73
122
73
123
73
124
73
125
73
126
73
127
73
128
73
129
74
130
74
131
74
132
75
133
75
134
75
135
75
136
75
137
76
138
76
139
76
140
76
141
77
142
77
143
77
144
77
145
77
146
77
147
77
148
77
149
77
150
78
151
78
152
78
153
78
154
78
155
78
156
78
157
78
158
78
159
78
160
78
161
78
162
78
163
78
164
78
165
78
166
78
167
78
168
78
169
79
170
79
171
79
172
79
173
80
174
81
175
81
176
81
177
81
178
81
179
81
180
81
181
81
182
82
183
82
184
82
185
82
186
82
187
82
188
83
189
83
190
83
191
83
192
83
193
84
194
84
195
84
196
84
197
84
198
84
199
84
200
84
201
84
202
84
203
84
204
84
205
84
206
84
207
84
208
84
209
84
210
84
211
84
212
85
213
85
214
85
215
85
216
85
217
85
218
85
219
85
220
85
221
86
222
86
223
86
224
86
225
86
226
86
227
86
228
86
229
86
230
86
231
86
232
86
233
86
234
86
235
86
236
86
237
86
238
86
239
86
240
86
241
86
242
86
243
86
244
86
245
86
246
86
247
86
248
86
249
87
250
87
251
88
252
88
253
88
254
88
255
88
256
88
257
88
258
88
259
88
260
88
261
88
262
88
263
88
264
88
265
88
266
88
267
88
268
88
269
88
270
88
271
88
272
89
273
89
274
89
275
89
276
89
277
89
278
89
279
89
280
89
281
89
282
89
283
89
284
89
285
89
286
89
287
90
288
90
289
90
290
90
291
90
292
90
293
90
294
91
295
91
296
91
297
91
298
91
299
91
300
91
301
92
302
92
303
92
304
92
305
92
306
92
307
93
308
93
309
94
310
94
311
94
312
94
313
94
314
95
315
95
316
95
317
95
318
95
319
95
320
95
321
95
322
95
323
95
324
95
325
95
326
95
327
95
328
95
329
95
330
95
331
95
332
95
333
95
334
95
335
95
336
95
337
95
338
95
339
95
340
95
341
95
342
95
343
95
344
95
345
95
346
95
347
95
348
95
349
95
350
95
351
95
352
95
353
95
354
95
355
95
356
95
357
95
358
95
359
95
360
95
361
95
362
95
363
95
364
95
365
95
366
95
367
95
368
95
369
95
370
95
371
95
372
95
373
95
374
95
375
95
376
95
377
95
378
95
379
95
380
95
381
95
382
95
383
95
384
95
385
95
386
95
387
95
388
95
389
95
390
95
391
95
392
95
393
95
394
95
395
95
396
95
397
95
398
95
399
95
400
95
401
95
402
95
403
95
404
95
405
95
406
96
407
96
408
96
409
96
410
96
411
96
412
96
413
96
414
96
415
96
416
96
417
96
418
96
419
96
420
96
421
96
422
96
423
96
424
96
425
96
426
97
427
97
428
97
429
97
430
97
431
97
432
97
433
97
434
97
435
97
436
97
437
97
438
97
439
97
440
97
441
97
442
97
443
97
444
97
445
97
446
97
447
97
448
97
449
97
450
97
451
97
452
97
453
97
454
97
455
97
456
97
457
97
458
97
459
97
460
97
461
97
462
97
463
97
464
97
465
97
466
97
467
97
468
97
469
97
470
97
471
97
472
97
473
97
474
97
475
97
476
97
477
97
478
97
479
97
480
97
481
97
482
97
483
97
484
97
485
97
486
97
487
97
488
97
489
97
490
97
491
97
492
97
493
97
494
97
495
97
496
97
497
97
498
97
499
97
500
97
501
97
502
97
503
97
504
97
505
97
506
97
507
97
508
97
509
97
510
97
511
97
512
97
513
97
514
97
515
97
516
97
517
97
518
97
519
97
520
97
521
97
522
97
523
97
524
97
525
97
526
97
527
97
528
97
529
97
530
97
531
97
532
97
533
97
534
97
535
97
536
97
537
97
538
97
539
97
540
97
541
97
542
97
543
97
544
97
545
97
546
97
547
97
548
97
549
97
550
97
551
97
552
97
553
97
554
97
555
97
556
97
557
97
558
97
559
97
560
97
561
98
562
98
563
98
564
98
565
98
566
98
567
98
568
98
569
98
570
98
571
99
572
99
573
99
574
99
575
99
576
99
577
99
578
99
579
99
580
99
581
99
582
99
583
99
584
99
585
99
586
99
587
99
588
99
589
99
590
99
591
99
592
99
593
99
594
99
595
99
596
99
597
99
598
99
599
99
600
99
601
99
602
99
603
99
604
99
605
99
606
99
607
100
608
100
609
100
610
100
611
100
612
100
613
100
614
100
615
100
616
100
617
100
618
100
619
100
620
100
621
100
622
100
623
100
624
100
625
100
626
100
627
100
628
100
629
100
630
100
631
100
632
100
633
100
634
100
635
100
636
100
637
100
638
100
639
100
640
100
641
100
642
100
643
100
644
100
645
100
646
100
647
100
648
100
649
100
650
100
651
100
652
100
653
100
654
100
655
100
656
100
657
100
658
100
659
100
660
100
661
100
662
100
663
100
664
100
665
100
666
100
667
100
668
100
669
100
670
100
671
100
672
100
673
100
674
100
675
100
676
100
677
100
678
100
679
100
680
100
681
100
682
100
683
100
684
100
685
100
686
100
687
100
688
100
689
100
690
100
691
100
692
100
693
100
694
100
695
100
696
100
697
100
698
100
699
100
700
100
701
100
702
100
703
100
704
100
705
100
706
100
707
100
708
100
709
100
710
100
711
100
712
100
713
100
714
100
715
100
716
100
717
100
718
100
719
100
720
100
721
100
722
100
723
100
724
100
725
100
726
100
727
100
728
100
729
100
730
100
731
100
732
100
733
100
734
100
735
100
736
100
737
100
738
100
739
100
740
100
741
100
742
100
743
100
744
100
745
100
746
100
747
100
748
100
749
100
750
100
751
100
752
100
753
100
754
100
755
100
756
100
757
100
758
100
759
100
760
100
761
100
762
100
763
100
764
100
765
100
766
100
767
100
768
100
769
100
770
100
771
100
772
100
773
100
774
100
775
100
776
100
777
100
778
100
779
100
780
100
781
100
782
100
783
100
784
100
785
100
786
100
787
100
788
100
789
100
790
100
791
100
792
100
793
100
794
100
795
100
796
100
797
100
798
100
799
100
800
100
801
100
802
100
803
100
804
100
805
100
806
100
807
100
808
100
809
100
810
100
811
100
812
100
813
100
814
100
815
100
816
100
817
100
818
100
819
100
820
100
821
100
822
100
823
100
824
100
825
100
826
100
827
100
828
100
829
100
830
100
831
100
832
100
833
100
834
100
835
100
836
100
837
100
838
100
839
100
840
100
841
100
842
100
843
100
844
100
845
100
846
100
847
100
848
100
849
100
850
100
851
100
852
100
853
100
854
100
855
100
856
100
857
100
858
100
859
100
860
100
861
100
862
100
863
100
864
100
865
100
866
100
867
100
868
100
869
100
870
100
871
100
872
100
873
100
874
100
875
100
876
100
877
100
878
100
879
100
880
100
881
100
882
100
883
100
884
100
885
100
886
100
887
100
888
100
889
100
890
100
891
100
892
100
893
100
894
100
895
100
896
100
897
100
898
100
899
100
900
100
901
100
902
100
903
100
904
100
905
100
906
100
907
100
908
100
909
100
910
100
911
100
912
100
913
100
914
100
915
100
916
100
917
100
918
100
919
100
920
100
921
100
922
100
923
100
924
100
925
100
926
100
927
100
928
100
929
100
930
100
931
100
932
100
933
100
934
100
935
100
936
100
937
100
938
100
939
100
940
100
941
100
942
100
943
100
944
100
945
100
946
100
947
100
948
100
949
100
950
100
951
100
952
100
953
100
954
100
955
100
956
100
957
100
958
100
959
100
960
100
961
100
962
100
963
100
964
100
965
100
966
100
967
100
968
100
969
100
970
100
971
100
972
100
973
100
974
100
975
100
976
100
977
100
978
100
979
100
980
100
981
100
982
100
983
100
984
100
985
100
986
100
987
100
988
100
989
100
990
100
991
100
992
100
993
100
994
100
995
100
996
100
997
100
998
100
999
100
1000
100
